Random waveform, supplied seed
Total number of intervals = 60 (7434, 67201, 85927, 63953, 31595, 87879, 7287, 62295, 6561, 22532, 60653, 59076, 60154, 22964, 8172, 27652, 37594, 24367, 33771, 84944, 85666, 51918, 34406, 28664, 38289, 20658, 13840, 93419, 98284, 71313, 42089, 46458, 30755, 42889, 93552, 65694, 29574, 51355, 67361, 16287, 81508, 87619, 99068, 51267, 11822, 97494, 97350, 55460, 85984, 82043, 52873, 13911, 49984, 9274, 27187, 18735, 86505, 93039, 75999, 32324)
Average QPS expected = 51565
Timestamp start: 1715798877042
Timestamp end: 1715799477584

#type       avg     std     min      p5     p10     p50     p67     p75     p80     p85     p90     p95     p99    p999   p9999      QPS   target
read      384.3   985.7    68.9   134.3   161.5   306.3   353.1   381.2   401.5   428.6   462.7   525.1  1757.2 13298.8 36555.4   7388.1     7434
read      379.4   388.6    68.9   127.6   147.3   333.9   423.1   474.8   514.0   559.8   618.0   710.1  1125.3  4144.2 14599.3  67103.8    67201
read      372.3   351.3    68.9   129.8   151.6   333.6   416.2   465.4   504.1   552.5   618.3   718.9   951.0  3332.9 13020.3  86068.4    85927
read      363.2   272.2    68.9   125.5   145.1   331.1   419.5   470.2   507.5   549.4   601.8   679.0   897.5  2301.3  9456.1  63810.5    63953
read      350.8   267.7    74.4   125.6   145.7   325.7   402.7   449.0   482.0   519.6   563.7   625.5   794.2  3467.1 10490.1  31554.8    31595
read      373.0   309.7    68.9   131.9   154.1   335.8   419.5   469.8   509.5   559.0   624.0   723.4   946.8  2822.4 10906.1  87909.4    87879
read      385.7  1017.8    74.4   135.5   164.3   307.3   355.1   384.0   404.6   431.1   464.8   526.1  2100.0 10909.8 35932.4   7278.5     7287
read      380.5   386.0    68.9   130.1   150.1   338.3   429.1   480.6   518.1   561.6   616.4   701.6  1113.9  4381.4 14597.7  62256.4    62295
read      350.9   804.0    74.4   142.2   170.5   295.5   332.4   353.1   368.7   389.9   420.2   476.1  1545.4  9129.8 32132.3   6579.3     6561
read      364.0   531.5    68.9   126.0   145.4   313.8   401.0   449.8   481.8   516.5   560.7   642.1  1079.1  6906.3 29646.1  22471.5    22532
read      365.3   308.8    68.9   126.1   145.5   333.8   422.9   473.3   509.8   551.0   601.5   676.0   878.6  2382.5 10119.0  60764.4    60653
read      371.0   320.6    68.9   126.9   146.7   338.8   428.4   479.6   516.1   558.2   609.4   684.2   906.3  2749.9 11517.2  58986.4    59076
read      376.0   274.6    68.9   128.7   149.0   342.5   435.0   488.0   526.0   569.4   622.2   701.0   938.5  2752.3  8739.2  60195.5    60154
read      343.5   395.4    68.9   125.7   145.2   312.1   393.8   439.9   470.0   502.4   539.5   591.2   743.3  4306.0 13951.7  22997.7    22964
read      408.0  1084.5    74.4   131.5   158.4   319.9   376.4   409.3   433.0   461.1   497.1   556.3  1895.3 14910.9 36848.5   8193.4     8172
read      356.3   369.9    68.9   125.2   145.0   319.1   401.0   450.5   484.2   521.1   564.1   626.2  1014.1  4723.6 10092.5  27634.0    27652
read      349.8   243.1    68.9   125.2   145.5   325.7   405.6   452.1   485.1   522.9   567.8   628.4   784.4  2289.4  8591.0  37590.9    37594
read      346.8   424.3    68.9   124.6   144.2   312.5   396.4   444.2   475.7   509.2   547.5   602.1   764.0  4215.8 13900.6  24313.1    24367
read      351.3   287.8    74.4   126.2   146.3   323.9   402.9   450.7   485.3   524.4   569.5   630.9   806.2  2499.2 11110.3  33790.5    33771
read      370.7   312.5    68.9   129.0   151.0   332.5   417.3   468.2   508.0   557.9   623.1   720.7   938.5  3181.4 11888.9  84871.7    84944
read      375.0   364.2    68.9   129.2   151.3   334.0   417.8   468.6   508.4   559.2   625.7   726.7   963.4  3764.5 12351.5  85565.8    85666
read      370.2   272.5    68.9   127.7   148.4   342.2   431.7   481.5   517.0   557.4   606.3   675.7   864.0  2677.8  8746.8  51734.9    51918
read      359.7   318.4    74.4   129.9   150.9   327.9   410.8   458.8   493.2   532.0   577.4   640.0   864.5  3295.6 10680.3  34311.4    34406
read      354.3   337.4    68.9   125.3   145.9   321.7   403.7   453.1   487.7   526.2   571.1   633.9   911.2  2894.7 12416.7  28738.7    28664
read      369.5   339.5    68.9   129.4   150.9   340.4   423.8   470.7   505.5   544.7   590.9   659.6   870.6  3564.0 10894.4  38180.4    38289
read      358.9   340.6    74.4   127.3   146.9   319.8   405.0   451.5   482.0   516.3   562.2   664.4  1047.1  3967.3 12204.2  20694.6    20658
read      342.1   388.9    74.4   129.0   148.0   316.6   381.0   414.5   436.9   464.5   501.1   570.5   841.0  4960.1 15290.4  13877.9    13840
read      379.1   323.6    68.9   134.6   158.6   340.6   424.4   474.5   513.7   563.6   628.2   729.6   957.5  3087.7 10717.9  93296.7    93419
read      409.0   335.8    68.9   141.3   170.6   369.0   457.5   508.9   548.1   597.5   669.0   795.9  1075.0  2922.2 12070.6  98269.0    98284
read      380.9   364.1    68.9   128.8   150.1   340.1   429.9   483.8   524.7   573.0   633.6   727.6   984.6  3617.8 12508.8  71396.1    71313
read      368.4   309.1    74.4   129.9   151.6   341.8   425.3   471.0   504.8   543.8   590.3   660.0   859.9  3033.1  9578.8  42091.3    42089
read      371.1   278.8    68.9   129.0   150.8   345.4   431.7   479.0   513.2   552.1   599.9   670.1   886.6  2114.5  8954.2  46435.5    46458
read      359.2   307.0    68.9   129.5   150.1   330.5   410.2   456.8   490.2   528.1   573.2   635.3   835.2  3499.7 10467.2  30910.6    30755
read      368.9   310.5    68.9   130.6   152.2   342.2   427.4   474.1   508.3   548.0   593.6   660.9   852.9  2676.8 10028.3  42877.1    42889
read      378.3   320.9    68.9   133.4   157.4   338.7   422.3   472.7   512.9   562.4   626.7   728.6   978.4  2981.7 10769.7  93470.7    93552
read      377.2   325.5    68.9   128.2   148.4   340.6   432.7   486.1   525.0   570.2   625.7   711.0   946.4  3353.4 12389.8  65495.1    65694
read      353.3   341.5    68.9   129.3   149.8   324.5   405.4   453.3   487.1   524.3   566.4   625.3   811.0  2550.1 12750.6  29590.8    29574
read      375.9   279.9    68.9   128.2   149.4   346.7   437.0   488.2   524.8   566.6   617.0   690.7   914.4  2625.5  8570.8  51382.1    51355
read      376.0   338.9    68.9   129.6   150.0   336.9   428.5   482.3   522.4   569.7   627.1   716.8   961.2  2807.5 11944.5  67330.1    67361
read      354.7   470.9    74.4   130.4   149.5   320.0   391.8   430.2   456.8   487.6   530.5   621.0   969.8  5101.0 20008.3  16321.1    16287
read      380.5   311.1    68.9   131.8   154.3   340.1   426.2   478.3   519.3   569.8   633.7   734.3  1004.8  2907.2 10007.1  81273.2    81508
read      377.1   345.4    68.9   132.1   155.1   334.2   419.1   470.2   510.3   560.9   627.5   732.2   992.3  3561.3 10832.8  87568.6    87619
read      363.8   253.3    68.9   132.8   156.4   328.2   408.4   458.9   497.3   544.1   607.5   703.8   919.3  2087.6  8685.3  99191.8    99068
read      360.6   236.1    68.9   128.1   149.1   336.0   422.9   470.9   505.4   544.4   591.3   661.0   820.1  1737.6  8650.7  51286.5    51267
read      332.7   364.4    80.4   133.3   152.5   312.9   365.3   393.0   412.7   435.3   467.3   528.1   796.8  4273.1 12633.1  11773.1    11822
read      450.3   460.8    63.8   148.4   182.2   399.0   488.0   539.9   581.0   635.2   724.8   886.8  1311.7  5142.8 16370.5  97460.5    97494
read      421.5   446.3    68.9   141.0   169.9   372.6   464.9   520.2   561.7   612.7   684.0   819.5  1156.3  4584.6 18201.3  97461.5    97350
read      362.1   251.3    68.9   126.6   147.4   336.2   423.1   471.7   507.3   548.3   597.5   670.8   843.3  1617.1  9019.2  55395.9    55460
read      362.3   239.3    68.9   129.3   151.6   329.7   412.9   462.7   501.4   548.9   612.9   705.9   903.7  1253.3  8576.0  85845.6    85984
read      357.0   229.5    63.8   127.6   148.9   325.6   407.5   458.2   496.9   543.7   604.9   693.6   881.0  1192.3  8373.9  82150.0    82043
read      352.1   203.5    68.9   126.4   147.3   330.8   413.9   460.4   493.8   532.4   579.3   643.3   791.1  1147.7  7206.9  52899.3    52873
read      309.8   252.3    68.9   130.0   148.4   304.0   358.8   386.2   404.1   425.3   450.5   487.3   569.8  2519.8 10493.8  13945.1    13911
read      356.8   237.1    68.9   126.2   147.1   333.1   418.7   466.3   500.3   539.6   587.5   657.9   806.4  1176.9  8740.9  49985.9    49984
read      295.9   290.3    74.4   132.9   151.9   290.3   327.8   346.9   361.4   376.5   397.7   431.1   540.0  3371.7 12851.6   9268.3     9274
read      327.8   250.6    74.4   126.0   145.6   303.8   381.2   426.0   456.1   489.1   527.4   578.8   685.6  1808.2 10117.4  27250.0    27187
read      318.1   282.4    68.9   125.8   144.5   302.3   373.2   409.2   432.3   458.3   489.0   531.5   619.6  2916.0 12134.1  18719.2    18735
read      358.7   242.3    68.9   129.1   151.0   326.1   407.7   458.8   498.0   545.5   608.5   698.8   878.0  1186.0  9655.3  86378.1    86505
read      352.2   228.1    68.9   129.5   151.3   320.7   400.1   448.4   485.7   532.1   592.4   684.0   861.6  1161.4  9092.7  92969.3    93039
read      360.0   244.2    63.8   125.8   147.0   328.1   413.3   464.0   502.3   548.1   609.3   699.0   898.8  1251.8  9316.9  76018.5    75999
read      335.6   248.0    68.9   124.7   144.6   312.6   388.1   431.5   462.9   499.2   543.0   605.1   738.9  1615.3  9920.3  32322.1    32324

Total QPS = 51548.2 (30928908 / 600.0s)

Total connections = 64
Misses = 0 (0.0%)
Skipped TXs = 0 (0.0%)

RX 7639440029 bytes :   12.1 MB/s
TX          0 bytes :    0.0 MB/s
Warning! Detected max cpu usage > 95%
CPU Usage Stats (avg/min/max): 99.97%,48.73%,100.00%
