Random waveform, supplied seed
Total number of intervals = 60 (7434, 67201, 85927, 63953, 31595, 87879, 7287, 62295, 6561, 22532, 60653, 59076, 60154, 22964, 8172, 27652, 37594, 24367, 33771, 84944, 85666, 51918, 34406, 28664, 38289, 20658, 13840, 93419, 98284, 71313, 42089, 46458, 30755, 42889, 93552, 65694, 29574, 51355, 67361, 16287, 81508, 87619, 99068, 51267, 11822, 97494, 97350, 55460, 85984, 82043, 52873, 13911, 49984, 9274, 27187, 18735, 86505, 93039, 75999, 32324)
Average QPS expected = 51565
Timestamp start: 1715801905773
Timestamp end: 1715802506283

#type       avg     std     min      p5     p10     p50     p67     p75     p80     p85     p90     p95     p99    p999   p9999      QPS   target
read      366.8   712.7    80.4   140.0   167.6   316.5   365.6   395.2   418.2   445.7   480.5   538.9  1507.1  8379.5 31704.0   7404.7     7434
read      375.5   401.2    68.9   127.9   147.0   329.2   423.1   476.4   514.8   558.8   614.4   702.2   997.6  5140.9 12857.6  67277.9    67201
read      368.2   344.4    68.9   129.9   150.9   325.5   414.3   467.7   507.6   554.9   615.0   707.9   951.0  3575.4 10722.4  85993.8    85927
read      373.0   325.9    68.9   127.9   147.2   333.6   430.1   484.3   522.2   566.2   621.2   706.1   959.4  3029.4 12220.7  63873.1    63953
read      347.9   251.2    68.9   124.7   144.3   319.6   404.9   454.5   488.7   526.3   570.0   629.3   779.8  2356.6  7857.8  31599.8    31595
read      379.2   368.3    68.9   133.6   155.6   333.7   423.4   478.6   520.3   569.6   631.3   731.5   995.3  3578.3 12605.5  87761.6    87879
read      399.3  1007.4    74.4   138.4   168.2   321.2   375.0   404.8   428.0   455.8   491.4   547.8  1904.1 13811.0 36608.1   7253.9     7287
read      376.9   309.2    68.9   127.7   147.4   335.9   433.7   488.7   527.6   572.5   628.2   717.8  1001.0  3119.2 11276.2  62166.6    62295
read      354.8   820.5    74.4   144.3   170.6   297.2   335.9   358.7   375.2   397.8   430.0   491.4  1734.2  9784.6 30984.2   6556.9     6561
read      358.7   493.6    68.9   128.0   146.9   314.1   400.7   449.2   481.2   516.2   560.4   639.1   991.3  4629.4 22792.0  22517.0    22532
read      366.7   274.4    68.9   126.8   146.2   332.5   427.9   480.5   517.7   560.2   613.8   693.0   913.2  2306.6  8429.9  60622.8    60653
read      368.9   289.9    68.9   128.0   147.0   333.5   429.5   482.3   519.5   561.3   613.8   692.0   926.3  2451.8  8773.3  59157.0    59076
read      365.1   299.0    68.9   125.7   144.8   328.2   423.3   475.6   512.5   554.3   606.2   683.0   915.1  2904.2 11782.1  59996.3    60154
read      338.2   246.6    74.4   126.4   145.2   311.3   397.6   444.2   474.4   506.0   543.0   592.9   736.6  1946.1  9354.8  22986.4    22964
read      406.7   969.8    74.4   138.8   165.8   330.4   391.3   426.7   451.8   480.1   516.4   578.5  1935.3 11145.1 36360.4   8243.2     8172
read      373.6   495.4    74.4   130.8   150.9   323.0   412.4   463.6   498.5   536.6   582.1   655.6  1156.8  6133.1 21856.8  27679.7    27652
read      353.0   269.8    68.9   128.9   148.9   323.3   409.5   457.7   491.6   529.6   574.1   634.3   782.4  2736.4  9931.6  37578.9    37594
read      339.9   244.1    74.4   125.9   145.0   311.5   397.5   445.8   477.5   510.3   547.0   599.4   747.3  2166.2  7973.2  24303.1    24367
read      352.1   261.3    68.9   128.8   148.6   324.9   412.1   460.5   494.0   531.6   575.5   634.8   777.7  1950.8  7674.9  33620.1    33771
read      367.1   310.0    68.9   130.6   151.3   327.2   416.5   469.9   509.4   555.4   614.1   703.6   935.8  2892.5 10050.4  84935.2    84944
read      373.5   345.7    68.9   132.0   153.2   331.6   421.7   475.9   516.4   563.9   623.6   715.4   951.3  3230.9 13045.3  85741.3    85666
read      364.5   290.0    63.8   127.5   147.8   333.4   425.5   475.2   509.8   549.6   599.5   672.5   853.9  2520.5  8113.6  51952.4    51918
read      360.7   359.7    74.4   131.9   153.1   326.0   406.8   453.5   487.2   526.4   574.6   644.9   870.3  3871.6 13593.4  34409.5    34406
read      340.7   292.0    68.9   129.4   149.2   311.7   389.6   434.1   466.3   502.7   546.5   611.1   764.0  3020.2 11271.1  28648.8    28664
read      355.4   248.1    63.8   130.6   152.0   328.7   412.6   460.0   494.1   533.2   581.0   648.3   796.6  2186.7  9045.7  38368.6    38289
read      338.4   302.4    68.9   126.0   145.2   311.5   387.4   429.3   458.5   491.2   531.3   591.4   808.9  3179.8 12525.8  20706.5    20658
read      334.3   422.9    74.4   128.7   146.9   310.6   371.6   403.4   426.8   453.3   486.4   539.6   793.8  4920.5 18305.9  13911.3    13840
read      384.0   354.7    74.4   133.7   158.0   340.8   429.5   484.2   525.2   574.2   636.8   739.9  1010.5  3288.5 14634.5  93502.3    93419
read      426.7   390.6    68.9   141.2   169.9   376.3   478.4   537.5   579.6   629.7   700.5   845.8  1194.8  4025.9 12834.5  98252.1    98284
read      381.7   340.2    68.9   130.3   151.3   339.3   436.7   492.9   533.2   579.4   636.1   730.5   990.3  3280.9 11543.7  71406.7    71313
read      372.8   260.9    74.4   131.7   152.7   345.0   437.0   486.6   521.4   560.2   607.4   676.2   856.2  2104.6  8717.8  42001.8    42089
read      369.0   276.2    74.4   129.1   149.2   340.6   432.6   482.8   517.8   556.7   604.7   673.3   839.2  2469.0  9420.3  46458.3    46458
read      364.2   362.9    68.9   129.3   149.9   333.7   421.2   469.5   503.7   541.2   585.5   647.7   804.0  4095.6 12294.9  30841.0    30755
read      374.9   297.0    68.9   128.2   149.1   344.4   435.1   485.8   521.5   563.3   614.7   690.0   931.7  2309.1 10354.5  42762.5    42889
read      405.5   419.0    68.9   137.9   164.4   357.6   451.3   507.5   548.6   598.7   665.5   780.5  1096.0  3951.5 18308.3  93522.3    93552
read      376.5   339.5    68.9   126.5   147.4   334.1   427.7   484.1   524.9   572.6   631.1   724.3   978.3  3349.7 12729.9  65637.0    65694
read      357.1   354.0    68.9   129.8   150.4   326.3   409.6   457.4   491.0   528.7   573.5   634.8   809.7  2688.8 11500.8  29621.6    29574
read      378.8   338.8    68.9   129.1   150.2   346.5   441.2   492.5   528.5   569.7   620.0   691.9   883.5  3554.2 10934.8  51413.8    51355
read      381.8   328.4    68.9   130.0   150.7   340.9   440.4   497.4   537.4   582.6   638.3   730.6   972.4  3063.2 11592.2  67323.6    67361
read      354.8   382.7    74.4   129.4   148.9   326.2   402.9   442.4   467.8   498.6   538.9   623.0   932.8  3937.0 15421.0  16227.7    16287
read      380.2   344.1    68.9   130.5   152.1   335.4   429.0   485.9   527.7   576.4   636.5   734.3  1002.0  3707.2 14410.5  81586.5    81508
read      383.0   358.6    68.9   132.9   155.3   336.8   428.9   486.0   527.9   577.1   637.8   735.0  1010.4  3969.5 12233.5  87658.3    87619
read      427.8   375.5    68.9   141.8   170.3   379.4   483.1   540.0   580.6   629.1   699.7   854.5  1189.9  3496.6 14183.3  99012.5    99068
read      370.2   272.1    68.9   128.9   149.1   339.9   435.0   486.2   521.7   561.9   611.0   680.8   859.5  2323.1 10137.2  51334.5    51267
read      379.4   507.6    74.4   133.9   155.4   331.7   399.6   443.5   479.4   523.9   582.2   666.6  1030.7  7212.5 20987.6  11800.2    11822
read      482.3   384.9    68.9   152.1   187.7   443.4   546.1   598.7   637.5   689.5   784.1   989.5  1298.1  3861.2 12372.1  97617.5    97494
read      497.6   502.3    68.9   155.4   193.0   442.7   549.4   606.0   647.0   702.0   794.0   996.8  1404.4  6622.4 18339.4  97269.9    97350
read      368.9   262.0    68.9   129.0   148.9   336.2   431.7   484.8   521.9   564.0   617.0   696.2   896.5  1895.9  8915.3  55289.0    55460
read      356.7   225.3    63.8   128.6   149.7   320.4   405.7   459.8   500.6   549.4   612.5   703.4   902.1  1245.8  7856.0  85966.4    85984
read      361.5   225.7    68.9   130.2   151.1   326.7   415.9   468.8   508.5   555.5   614.4   702.7   909.5  1255.1  7891.1  81989.6    82043
read      357.9   215.6    68.9   127.5   147.3   331.0   423.3   473.6   508.9   548.5   596.5   668.2   818.9  1169.1  7794.1  52873.1    52873
read      317.1   288.6    68.9   129.1   148.6   311.8   369.9   397.8   416.6   436.2   461.9   498.6   580.9  2689.4 11681.7  13878.6    13911
read      352.7   232.6    68.9   127.7   147.9   326.4   414.7   463.1   497.7   536.7   583.7   651.0   795.8  1193.6  8515.5  49908.2    49984
read      308.3   314.1    80.4   140.1   160.0   296.9   335.8   355.5   368.9   385.4   404.1   436.9   574.5  5115.1 11857.5   9229.3     9274
read      334.9   250.7    68.9   125.9   145.6   308.7   394.9   441.7   472.1   504.2   540.8   591.1   704.5  2001.0 10138.7  27204.0    27187
read      326.8   242.3    68.9   129.8   149.4   310.4   386.2   423.1   447.2   472.2   502.4   544.1   640.4  2169.8  9730.2  18753.6    18735
read      357.6   232.6    68.9   130.6   151.6   321.6   406.8   460.7   501.9   549.7   611.5   699.3   886.4  1265.3  7974.8  86542.2    86505
read      353.9   226.2    68.9   130.4   151.9   318.2   402.1   454.8   494.4   541.3   601.4   690.2   888.8  1235.4  7869.1  93157.5    93039
read      358.1   236.2    63.8   128.2   148.5   324.3   414.3   466.8   505.2   549.2   606.6   693.1   900.2  1236.1  8100.0  75950.1    75999
read      337.7   232.2    68.9   129.1   148.9   313.8   395.6   441.9   473.8   508.5   548.2   603.7   713.2  1247.3  8645.0  32338.9    32324

Total QPS = 51559.9 (30935970 / 600.0s)

Total connections = 64
Misses = 0 (0.0%)
Skipped TXs = 0 (0.0%)

RX 7641184590 bytes :   12.1 MB/s
TX          0 bytes :    0.0 MB/s
Warning! Detected max cpu usage > 95%
CPU Usage Stats (avg/min/max): 99.96%,49.49%,100.00%
