Random waveform, supplied seed
Total number of intervals = 60 (7434, 67201, 85927, 63953, 31595, 87879, 7287, 62295, 6561, 22532, 60653, 59076, 60154, 22964, 8172, 27652, 37594, 24367, 33771, 84944, 85666, 51918, 34406, 28664, 38289, 20658, 13840, 93419, 98284, 71313, 42089, 46458, 30755, 42889, 93552, 65694, 29574, 51355, 67361, 16287, 81508, 87619, 99068, 51267, 11822, 97494, 97350, 55460, 85984, 82043, 52873, 13911, 49984, 9274, 27187, 18735, 86505, 93039, 75999, 32324)
Average QPS expected = 51565
Timestamp start: 1715799660587
Timestamp end: 1715800261088

#type       avg     std     min      p5     p10     p50     p67     p75     p80     p85     p90     p95     p99    p999   p9999      QPS   target
read      363.7   780.2    80.4   139.8   164.8   305.9   350.6   376.3   395.8   419.6   452.0   507.7  1741.0  9403.3 32013.7   7330.8     7434
read      372.4   426.5    68.9   126.3   145.0   316.2   405.9   462.2   503.1   550.1   608.7   694.9  1491.9  4066.5 16701.6  67064.0    67201
read      352.8   292.2    68.9   127.9   147.8   311.6   392.0   442.9   484.0   534.4   596.2   682.6   891.9  2891.1 10672.1  85868.2    85927
read      351.6   323.4    68.9   123.7   142.5   316.0   402.7   455.1   492.3   534.5   584.8   655.3   830.6  2688.9 12025.9  64043.6    63953
read      340.2   287.9    68.9   127.2   146.4   308.1   390.7   440.6   475.2   512.9   555.7   614.6   760.3  2523.2  9161.9  31658.4    31595
read      355.5   363.1    68.9   128.8   148.8   312.8   392.2   443.0   483.8   534.4   597.9   687.8   893.8  3431.3 11634.6  87861.4    87879
read      357.8   759.7    80.4   136.5   162.3   303.1   351.4   377.7   397.4   420.8   451.0   503.1  1703.7 10586.9 33462.4   7278.9     7287
read      354.0   310.6    68.9   123.2   142.0   314.2   402.5   454.8   491.8   534.5   585.4   660.3   948.9  3621.6  9932.0  62184.6    62295
read      344.7   777.0    74.4   142.0   167.7   294.6   332.6   353.6   369.1   389.4   417.2   470.7  1524.9  8370.2 31918.0   6522.6     6561
read      331.9   309.9    74.4   124.4   142.8   298.6   381.6   426.4   456.1   488.7   528.1   586.3   858.3  3248.4 10316.7  22456.1    22532
read      349.1   240.6    68.9   123.3   142.9   316.1   401.0   452.0   489.2   532.3   582.9   653.2   852.3  2092.2  8416.2  60616.9    60653
read      352.7   328.6    63.8   123.8   143.3   317.2   401.6   452.4   489.5   532.6   584.3   657.6   850.8  2608.2 12298.3  59110.6    59076
read      348.1   238.1    68.9   123.2   142.7   315.2   401.6   452.8   489.5   531.1   580.2   647.8   829.6  2269.8  7904.8  60213.9    60154
read      352.3   379.5    74.4   124.0   142.7   306.3   394.8   443.7   475.9   511.4   558.3   657.7  1048.1  4928.6 13841.9  23037.5    22964
read      320.6   455.5    80.4   135.2   156.6   294.7   336.1   358.6   373.7   394.9   424.2   476.2   776.0  5580.2 17289.4   8217.0     8172
read      350.1   355.7    68.9   125.4   144.4   305.8   391.7   442.0   477.1   515.3   563.4   640.1  1054.7  4272.2 12851.3  27606.8    27652
read      342.9   289.6    68.9   124.7   144.3   310.6   393.6   442.7   477.9   518.3   565.4   628.4   793.9  2100.9 11803.5  37527.0    37594
read      337.4   365.9    68.9   122.2   140.8   302.7   390.1   438.1   469.3   502.7   541.2   592.0   749.6  4306.9 14256.2  24449.6    24367
read      335.5   246.4    68.9   122.7   141.2   305.5   386.2   435.8   471.2   510.9   555.1   616.1   755.6  1805.0  9112.7  33790.9    33771
read      358.5   337.3    68.9   128.4   148.7   316.8   395.7   445.0   485.5   537.8   605.6   701.9   930.2  3512.1 12001.4  84982.1    84944
read      358.8   300.3    68.9   130.4   150.8   319.4   399.3   449.9   490.1   541.1   608.5   704.0   906.9  2715.5  9227.5  85722.9    85666
read      354.6   334.1    68.9   125.7   144.7   321.4   406.8   457.2   493.7   535.4   584.3   652.9   839.9  2631.0 10056.3  51919.6    51918
read      354.0   313.3    68.9   129.3   149.0   318.7   403.7   455.4   491.8   532.0   578.9   642.7   869.4  2939.7  8558.9  34421.4    34406
read      343.7   331.2    74.4   126.4   145.4   307.5   393.1   443.7   478.3   515.5   557.7   618.3   845.6  3107.2 12013.7  28657.5    28664
read      352.9   323.7    68.9   126.2   145.5   319.6   402.6   452.2   487.6   527.7   574.4   638.1   829.8  3416.0 10738.2  38267.7    38289
read      349.2   306.8    68.9   126.9   145.1   314.5   400.8   447.3   478.1   512.0   554.9   638.9   966.0  3517.3 10485.0  20585.8    20658
read      350.4   582.0    80.4   130.5   149.4   315.0   379.7   413.2   436.0   463.2   498.8   564.4   867.3  7239.7 31151.6  13825.0    13840
read      364.2   304.2    74.4   132.3   153.8   322.4   403.4   454.0   494.0   545.0   612.6   715.0   938.2  2961.5 12026.6  93472.8    93419
read      358.1   277.5    74.4   133.1   154.9   319.4   397.4   446.1   485.7   535.9   602.2   701.0   905.9  2170.7  9962.5  98271.3    98284
read      359.1   325.1    68.9   127.4   146.2   319.3   404.4   458.7   499.4   547.0   606.0   688.8   901.7  2785.3 10492.9  71075.6    71313
read      355.9   281.5    68.9   127.1   146.5   324.2   408.4   458.0   493.8   535.1   583.7   653.3   854.6  2348.0 10154.1  42042.0    42089
read      361.0   329.5    68.9   127.0   146.2   326.3   412.7   463.7   500.5   542.0   591.1   663.4   877.5  3032.7 12440.7  46483.0    46458
read      342.8   276.1    74.4   125.6   144.7   310.0   394.3   444.5   479.6   518.1   562.2   623.2   787.8  2419.9  9528.8  30674.6    30755
read      354.8   278.1    68.9   126.5   146.1   323.4   407.8   457.9   493.9   534.8   582.4   648.2   834.0  2754.7  9402.0  42862.6    42889
read      360.7   303.2    68.9   132.3   153.5   320.4   399.9   449.6   489.2   540.4   607.1   706.7   929.9  2695.9 10864.9  93572.1    93552
read      359.9   342.6    68.9   127.1   145.6   319.5   408.8   462.8   501.7   546.0   599.2   673.9   872.7  3604.5 12991.4  65733.1    65694
read      339.8   286.3    68.9   124.6   143.5   306.2   391.9   442.5   476.6   513.9   555.9   615.1   784.0  2496.8 10586.5  29462.4    29574
read      358.3   281.1    68.9   127.6   146.6   325.1   413.3   464.5   501.1   542.3   591.3   662.1   864.7  2302.7  8354.0  51370.0    51355
read      360.0   358.4    68.9   126.1   145.0   318.6   406.2   460.4   500.0   545.3   599.9   677.8   898.0  3845.7 12484.7  67210.3    67361
read      352.3   524.9    74.4   129.5   148.1   316.5   390.8   428.7   454.7   484.3   523.1   594.2   890.9  6206.1 29959.4  16279.0    16287
read      358.1   318.7    68.9   128.6   148.3   317.2   398.9   450.7   491.9   543.5   608.3   697.0   913.1  2561.5 11753.7  81319.1    81508
read      360.5   351.1    68.9   129.8   150.6   319.0   398.5   449.1   490.9   543.7   611.4   707.2   912.4  3101.9 13302.6  87776.0    87619
read      375.8   328.2    68.9   132.3   156.2   332.6   418.6   469.8   509.5   560.1   627.3   738.1  1017.6  2797.3 10092.7  99165.1    99068
read      367.5   294.7    68.9   128.7   149.7   337.8   427.0   476.6   511.9   552.6   603.9   677.9   860.4  2391.9  9401.8  51304.1    51267
read      313.8   302.3    74.4   131.5   149.6   303.5   351.9   376.5   394.8   415.5   439.9   480.9   604.8  4079.2 12313.6  11776.7    11822
read      359.8   253.8    68.9   130.8   153.6   324.5   404.6   454.4   492.4   539.9   603.7   702.2   916.4  1733.5  8610.3  97423.2    97494
read      367.5   278.1    68.9   134.5   157.5   329.0   408.9   459.2   499.0   548.9   617.3   720.2   934.6  2460.5  9246.5  97458.2    97350
read      380.0   358.0    68.9   129.8   149.8   332.6   424.9   478.9   518.8   565.7   623.0   713.2  1188.1  3835.0 11461.0  55433.9    55460
read      362.7   257.1    68.9   131.4   153.2   326.9   409.7   461.1   501.2   550.4   615.6   709.5   904.4  1605.3  8671.6  86019.6    85984
read      364.6   237.4    68.9   132.5   154.4   331.3   415.8   467.1   506.8   555.3   617.8   709.3   890.2  1224.2  8046.9  82051.8    82043
read      357.7   214.6    68.9   128.6   149.3   334.1   420.6   469.0   504.1   544.4   592.3   660.0   793.9  1096.4  7727.3  52809.7    52873
read      318.6   305.5    68.9   132.9   152.2   309.6   366.6   394.9   414.4   435.4   461.9   500.2   587.4  2996.0 14069.7  13891.9    13911
read      356.5   252.2    63.8   128.6   149.9   332.2   416.5   464.0   498.3   537.4   584.2   649.6   793.1  1167.8 11700.9  50080.7    49984
read      320.2   391.7    80.4   146.5   167.3   305.6   344.7   365.6   379.9   396.8   418.9   455.4   587.6  5570.8 16504.9   9278.7     9274
read      338.5   259.8    68.9   131.6   151.7   313.2   393.7   439.3   470.1   504.1   542.5   592.7   694.6  1960.9  9082.7  27258.2    27187
read      329.7   252.4    74.4   130.9   150.2   313.3   389.8   427.1   451.5   477.4   507.5   549.1   639.8  2168.4 10182.5  18742.8    18735
read      355.7   232.3    68.9   130.6   152.1   322.7   404.2   454.8   493.7   541.6   603.8   691.8   863.3  1187.0  8531.4  86528.4    86505
read      354.3   215.9    63.8   131.1   153.4   322.1   402.8   452.6   490.8   537.8   598.6   688.8   862.6  1133.9  7610.4  92926.9    93039
read      360.3   238.1    68.9   129.5   150.5   327.6   414.7   466.0   505.4   551.2   610.2   694.0   875.2  1204.2  8722.8  76036.3    75999
read      343.0   240.6    68.9   129.9   150.1   317.6   399.3   446.8   480.2   516.7   557.5   613.2   727.0  1875.6  9598.7  32307.3    32324

Total QPS = 51555.3 (30933182 / 600.0s)

Total connections = 64
Misses = 0 (0.0%)
Skipped TXs = 0 (0.0%)

RX 7640495954 bytes :   12.1 MB/s
TX          0 bytes :    0.0 MB/s
Warning! Detected max cpu usage > 95%
CPU Usage Stats (avg/min/max): 99.95%,50.00%,100.00%
